1	1	0.30555555555555564	0.7916666666666665	0.11864406779661016	0.12500000000000003	
2	3	0.5833333333333334	0.4583333333333333	0.7627118644067796	0.7083333333333334	
3	1	0.08333333333333327	0.6666666666666666	0.0	0.04166666666666667	
4	1	0.3333333333333333	0.9166666666666666	0.06779661016949151	0.04166666666666667	
5	1	0.22222222222222213	0.6249999999999999	0.06779661016949151	0.04166666666666667	
6	1	0.0	0.41666666666666663	0.016949152542372895	0.0	
7	3	0.9444444444444444	0.25	1.0	0.9166666666666666	
8	3	0.5833333333333334	0.2916666666666667	0.7288135593220338	0.75	
9	2	0.4722222222222222	0.3749999999999999	0.5932203389830508	0.5833333333333334	
10	2	0.6666666666666666	0.4583333333333333	0.576271186440678	0.5416666666666666	
11	3	0.7222222222222222	0.4583333333333333	0.6949152542372881	0.9166666666666666	
12	1	0.1666666666666668	0.4583333333333333	0.0847457627118644	0.0	
13	3	0.41666666666666663	0.3333333333333332	0.6949152542372881	0.9583333333333333	
14	1	0.3333333333333333	0.6249999999999999	0.05084745762711865	0.04166666666666667	
15	1	0.13888888888888887	0.41666666666666663	0.06779661016949151	0.0	
16	1	0.22222222222222213	0.7499999999999998	0.0847457627118644	0.08333333333333333	
17	3	0.6666666666666666	0.5416666666666665	0.7966101694915254	0.8333333333333334	
18	2	0.5833333333333334	0.5	0.5932203389830508	0.5833333333333334	
19	1	0.38888888888888895	1.0	0.0847457627118644	0.12500000000000003	
20	3	0.6944444444444443	0.41666666666666663	0.7627118644067796	0.8333333333333334	
21	1	0.08333333333333327	0.5833333333333333	0.06779661016949151	0.08333333333333333	
22	2	0.6944444444444443	0.3333333333333332	0.6440677966101694	0.5416666666666666	
23	3	0.5555555555555555	0.5416666666666665	0.847457627118644	1.0	
24	2	0.361111111111111	0.3749999999999999	0.4406779661016949	0.5	
25	3	0.38888888888888895	0.20833333333333331	0.6779661016949152	0.7916666666666666	
26	1	0.22222222222222213	0.7083333333333333	0.0847457627118644	0.12500000000000003	
27	1	0.22222222222222213	0.6249999999999999	0.06779661016949151	0.08333333333333333	
28	3	0.5555555555555555	0.20833333333333331	0.6779661016949152	0.75	
29	1	0.30555555555555564	0.5833333333333333	0.0847457627118644	0.12500000000000003	
30	2	0.41666666666666663	0.2916666666666667	0.4915254237288135	0.4583333333333333	
31	3	0.4722222222222222	0.41666666666666663	0.6440677966101694	0.7083333333333334	
32	2	0.3333333333333333	0.25	0.576271186440678	0.4583333333333333	
33	3	0.8055555555555556	0.5	0.847457627118644	0.7083333333333334	
34	2	0.25000000000000006	0.2916666666666667	0.4915254237288135	0.5416666666666666	
35	3	0.8611111111111112	0.3333333333333332	0.8644067796610169	0.75	
36	2	0.3333333333333333	0.1666666666666666	0.47457627118644063	0.4166666666666667	
37	2	0.1666666666666668	0.1666666666666666	0.38983050847457623	0.375	
38	2	0.361111111111111	0.41666666666666663	0.5932203389830508	0.5833333333333334	
39	3	0.7222222222222222	0.5	0.7966101694915254	0.9166666666666666	
40	1	0.027777777777777922	0.41666666666666663	0.05084745762711865	0.04166666666666667	
41	3	0.44444444444444453	0.41666666666666663	0.6949152542372881	0.7083333333333334	
42	2	0.38888888888888895	0.41666666666666663	0.5423728813559322	0.4583333333333333	
43	1	0.027777777777777922	0.5	0.05084745762711865	0.04166666666666667	
44	1	0.27777777777777773	0.7083333333333333	0.0847457627118644	0.04166666666666667	
45	2	0.19444444444444448	0.1249999999999999	0.38983050847457623	0.375	
46	1	0.08333333333333327	0.4583333333333333	0.0847457627118644	0.04166666666666667	
47	2	0.30555555555555564	0.41666666666666663	0.5932203389830508	0.5833333333333334	
48	1	0.19444444444444448	0.41666666666666663	0.1016949152542373	0.04166666666666667	
49	3	0.9444444444444444	0.3333333333333332	0.9661016949152542	0.7916666666666666	
50	1	0.30555555555555564	0.7083333333333333	0.0847457627118644	0.04166666666666667	
51	3	0.1666666666666668	0.20833333333333331	0.5932203389830508	0.6666666666666666	
52	1	0.1666666666666668	0.4583333333333333	0.0847457627118644	0.0	
53	2	0.3333333333333333	0.20833333333333331	0.5084745762711864	0.5	
54	2	0.4999999999999999	0.3333333333333332	0.5084745762711864	0.5	
55	2	0.611111111111111	0.3333333333333332	0.6101694915254237	0.5833333333333334	
56	2	0.38888888888888895	0.3333333333333332	0.5254237288135593	0.5	
57	1	0.25000000000000006	0.5833333333333333	0.06779661016949151	0.04166666666666667	
58	3	0.6666666666666666	0.5416666666666665	0.7966101694915254	1.0	
59	3	1.0	0.7499999999999998	0.9152542372881356	0.7916666666666666	
60	3	0.611111111111111	0.41666666666666663	0.711864406779661	0.7916666666666666	
61	1	0.19444444444444448	0.6249999999999999	0.05084745762711865	0.08333333333333333	
62	3	0.8055555555555556	0.41666666666666663	0.8135593220338982	0.625	
63	1	0.19444444444444448	0.6249999999999999	0.1016949152542373	0.20833333333333334	
64	3	0.5277777777777778	0.5833333333333333	0.7457627118644068	0.9166666666666666	
65	1	0.1666666666666668	0.41666666666666663	0.06779661016949151	0.04166666666666667	
66	2	0.5555555555555555	0.5416666666666665	0.6271186440677966	0.625	
67	3	0.6666666666666666	0.4583333333333333	0.7796610169491525	0.9583333333333333	
68	2	0.4999999999999999	0.41666666666666663	0.6101694915254237	0.5416666666666666	
69	3	0.7222222222222222	0.4583333333333333	0.7457627118644068	0.8333333333333334	
70	3	0.41666666666666663	0.2916666666666667	0.6949152542372881	0.75	
71	1	0.055555555555555594	0.1249999999999999	0.05084745762711865	0.08333333333333333	
72	2	0.4999999999999999	0.3749999999999999	0.6271186440677966	0.5416666666666666	
73	2	0.5555555555555555	0.20833333333333331	0.6610169491525424	0.5833333333333334	
74	3	0.5555555555555555	0.3333333333333332	0.6949152542372881	0.5833333333333334	
75	2	0.19444444444444448	0.0	0.423728813559322	0.375	
76	3	0.41666666666666663	0.2916666666666667	0.6949152542372881	0.75	
77	2	0.4999999999999999	0.3333333333333332	0.6271186440677966	0.4583333333333333	
78	2	0.38888888888888895	0.3333333333333332	0.5932203389830508	0.5	
79	1	0.19444444444444448	0.6666666666666666	0.06779661016949151	0.04166666666666667	
80	3	0.611111111111111	0.41666666666666663	0.8135593220338982	0.8750000000000001	
81	2	0.38888888888888895	0.25	0.423728813559322	0.375	
82	2	0.4722222222222222	0.0833333333333334	0.5084745762711864	0.375	
83	1	0.22222222222222213	0.5416666666666665	0.11864406779661016	0.16666666666666669	
84	1	0.13888888888888887	0.5833333333333333	0.1016949152542373	0.04166666666666667	
85	3	0.5833333333333334	0.3333333333333332	0.7796610169491525	0.8750000000000001	
86	1	0.30555555555555564	0.7916666666666665	0.05084745762711865	0.12500000000000003	
87	2	0.4722222222222222	0.5833333333333333	0.5932203389830508	0.625	
88	2	0.6666666666666666	0.41666666666666663	0.6779661016949152	0.6666666666666666	
89	2	0.5277777777777778	0.3749999999999999	0.559322033898305	0.5	
90	1	0.25000000000000006	0.6249999999999999	0.0847457627118644	0.04166666666666667	
91	2	0.44444444444444453	0.5	0.6440677966101694	0.7083333333333334	
92	1	0.30555555555555564	0.5833333333333333	0.11864406779661016	0.04166666666666667	
93	3	0.9444444444444444	0.7499999999999998	0.9661016949152542	0.8750000000000001	
94	2	0.5555555555555555	0.1249999999999999	0.576271186440678	0.5	
95	1	0.22222222222222213	0.5833333333333333	0.0847457627118644	0.04166666666666667	
96	2	0.44444444444444453	0.41666666666666663	0.5423728813559322	0.5833333333333334	
97	3	0.6666666666666666	0.20833333333333331	0.8135593220338982	0.7083333333333334	
98	3	0.5555555555555555	0.3749999999999999	0.7796610169491525	0.7083333333333334	
99	3	0.611111111111111	0.5	0.6949152542372881	0.7916666666666666	
100	2	0.5833333333333334	0.3749999999999999	0.559322033898305	0.5	
101	1	0.22222222222222213	0.7499999999999998	0.15254237288135591	0.12500000000000003	
102	2	0.361111111111111	0.20833333333333331	0.4915254237288135	0.4166666666666667	
103	2	0.7499999999999999	0.5	0.6271186440677966	0.5416666666666666	
104	3	0.6666666666666666	0.41666666666666663	0.711864406779661	0.9166666666666666	
105	1	0.13888888888888887	0.4583333333333333	0.1016949152542373	0.04166666666666667	
106	2	0.3333333333333333	0.1249999999999999	0.5084745762711864	0.5	
107	3	0.9444444444444444	0.41666666666666663	0.8644067796610169	0.9166666666666666	
108	1	0.13888888888888887	0.41666666666666663	0.06779661016949151	0.08333333333333333	
109	2	0.41666666666666663	0.2916666666666667	0.5254237288135593	0.375	
110	3	0.361111111111111	0.3333333333333332	0.6610169491525424	0.7916666666666666	
111	3	0.4999999999999999	0.41666666666666663	0.6610169491525424	0.7083333333333334	
112	1	0.027777777777777922	0.3749999999999999	0.06779661016949151	0.04166666666666667	
113	1	0.1666666666666668	0.4583333333333333	0.0847457627118644	0.0	
114	2	0.5277777777777778	0.0833333333333334	0.5932203389830508	0.5833333333333334	
115	3	0.5555555555555555	0.5833333333333333	0.7796610169491525	0.9583333333333333	
116	1	0.22222222222222213	0.7499999999999998	0.1016949152542373	0.04166666666666667	
117	2	0.4722222222222222	0.2916666666666667	0.6949152542372881	0.625	
118	1	0.38888888888888895	0.7499999999999998	0.11864406779661016	0.08333333333333333	
119	1	0.08333333333333327	0.5	0.06779661016949151	0.04166666666666667	
120	3	0.8055555555555556	0.6666666666666666	0.8644067796610169	1.0	
121	2	0.361111111111111	0.2916666666666667	0.5423728813559322	0.5	
122	1	0.11111111111111119	0.5	0.05084745762711865	0.04166666666666667	
123	3	0.4722222222222222	0.0833333333333334	0.6779661016949152	0.5833333333333334	
124	3	0.611111111111111	0.41666666666666663	0.7627118644067796	0.7083333333333334	
125	3	0.6944444444444443	0.5	0.8305084745762712	0.9166666666666666	
126	2	0.7222222222222222	0.4583333333333333	0.6610169491525424	0.5833333333333334	
127	1	0.19444444444444448	0.5	0.033898305084745756	0.04166666666666667	
128	3	0.5833333333333334	0.3333333333333332	0.7796610169491525	0.8333333333333334	
129	1	0.19444444444444448	0.5833333333333333	0.1016949152542373	0.12500000000000003	
130	1	0.11111111111111119	0.5	0.1016949152542373	0.04166666666666667	
131	2	0.361111111111111	0.41666666666666663	0.5254237288135593	0.5	
132	3	0.5277777777777778	0.3333333333333332	0.6440677966101694	0.7083333333333334	
133	2	0.41666666666666663	0.25	0.5084745762711864	0.4583333333333333	
134	1	0.13888888888888887	0.5833333333333333	0.15254237288135591	0.04166666666666667	
135	2	0.38888888888888895	0.3749999999999999	0.5423728813559322	0.5	
136	2	0.6388888888888887	0.41666666666666663	0.576271186440678	0.5416666666666666	
137	2	0.6388888888888887	0.3749999999999999	0.6101694915254237	0.5	
138	2	0.6666666666666666	0.4583333333333333	0.6271186440677966	0.5833333333333334	
139	1	0.41666666666666663	0.8333333333333333	0.033898305084745756	0.04166666666666667	
140	2	0.3333333333333333	0.1666666666666666	0.4576271186440678	0.375	
141	3	0.7777777777777776	0.41666666666666663	0.8305084745762712	0.8333333333333334	
142	1	0.25000000000000006	0.8749999999999998	0.0847457627118644	0.0	
143	3	0.9166666666666665	0.41666666666666663	0.9491525423728813	0.8333333333333334	
144	3	0.4999999999999999	0.25	0.7796610169491525	0.5416666666666666	
145	1	0.19444444444444448	0.5416666666666665	0.06779661016949151	0.04166666666666667	
146	2	0.22222222222222213	0.20833333333333331	0.3389830508474576	0.4166666666666667	
147	1	0.19444444444444448	0.5833333333333333	0.0847457627118644	0.04166666666666667	
148	3	0.5555555555555555	0.2916666666666667	0.6610169491525424	0.7083333333333334	
149	3	0.8333333333333333	0.3749999999999999	0.8983050847457626	0.7083333333333334	
150	3	0.5833333333333334	0.5	0.7288135593220338	0.9166666666666666	
