Jaccard Coefficient: 0.19273079880964322
Rand Index: 0.7290236410776351
Cluster Id: 0 	 Cluster size: 28
Cluster Id: 1 	 Cluster size: 6
Cluster Id: 2 	 Cluster size: 1
Cluster Id: 3 	 Cluster size: 15
Cluster Id: 4 	 Cluster size: 149
Cluster Id: 5 	 Cluster size: 148
Cluster Id: 6 	 Cluster size: 21
Cluster Id: 7 	 Cluster size: 145
Cluster Id: 8 	 Cluster size: 1
Cluster Id: 9 	 Cluster size: 3
-0.24964100247520515

{0=[358, 367, 368, 369, 373, 375, 376, 377, 378, 379, 383, 409, 410, 412, 413, 415, 416, 426, 429, 434, 437, 439, 440, 443, 452, 464, 467, 486], 1=[425, 435, 441, 442, 470, 492], 2=[363], 3=[263, 264, 344, 346, 348, 350, 501, 504, 506, 509, 513, 514, 515, 516, 517], 4=[1, 4, 10, 14, 15, 16, 17, 19, 20, 21, 22, 23, 24, 25, 27, 29, 30, 31, 32, 33, 34, 36, 38, 40, 41, 43, 44, 45, 46, 48, 49, 50, 51, 52, 54, 55, 56, 57, 60, 61, 62, 68, 70, 71, 72, 78, 79, 81, 85, 86, 93, 97, 98, 99, 100, 108, 111, 112, 113, 114, 115, 116, 119, 121, 122, 124, 125, 126, 127, 129, 131, 134, 137, 138, 143, 149, 152, 154, 155, 158, 159, 160, 161, 162, 163, 165, 167, 169, 170, 171, 172, 177, 178, 179, 180, 181, 182, 183, 184, 185, 187, 192, 193, 194, 195, 197, 199, 203, 207, 209, 210, 211, 212, 213, 214, 215, 216, 217, 218, 223, 226, 230, 231, 232, 233, 242, 243, 246, 247, 248, 250, 252, 255, 260, 262, 269, 270, 280, 287, 298, 300, 316, 352, 353, 355, 370, 417, 499, 502], 5=[2, 3, 5, 6, 7, 8, 9, 11, 12, 13, 18, 26, 28, 35, 37, 39, 42, 47, 53, 58, 59, 63, 64, 65, 66, 67, 69, 73, 74, 75, 76, 77, 80, 82, 83, 84, 87, 88, 89, 90, 91, 92, 94, 95, 96, 101, 102, 130, 132, 135, 136, 139, 140, 141, 142, 144, 145, 146, 147, 148, 150, 151, 153, 156, 157, 164, 166, 168, 173, 174, 175, 176, 190, 200, 202, 208, 219, 221, 224, 225, 227, 228, 229, 234, 235, 236, 237, 238, 239, 241, 244, 249, 251, 266, 267, 268, 271, 272, 273, 274, 275, 276, 277, 278, 279, 281, 282, 283, 284, 285, 286, 288, 289, 290, 291, 292, 293, 294, 295, 296, 299, 315, 319, 345, 347, 349, 351, 359, 360, 362, 365, 366, 371, 372, 476, 494, 495, 496, 497, 498, 500, 503, 505, 507, 508, 510, 511, 512], 6=[311, 324, 325, 326, 327, 328, 329, 332, 333, 334, 335, 338, 339, 342, 396, 398, 399, 445, 446, 447, 465], 7=[103, 104, 105, 106, 107, 109, 110, 117, 118, 120, 123, 128, 133, 186, 188, 189, 191, 196, 198, 201, 204, 205, 206, 220, 222, 240, 245, 253, 254, 256, 257, 258, 259, 261, 265, 297, 301, 302, 303, 304, 305, 306, 307, 308, 309, 310, 312, 313, 314, 317, 318, 320, 321, 322, 323, 330, 331, 336, 337, 340, 341, 343, 354, 356, 357, 361, 364, 374, 380, 381, 382, 384, 385, 386, 387, 388, 389, 390, 391, 392, 393, 394, 395, 397, 400, 401, 402, 403, 404, 405, 406, 407, 408, 411, 414, 418, 419, 420, 421, 422, 423, 424, 427, 428, 430, 431, 432, 433, 436, 438, 444, 448, 449, 450, 451, 453, 454, 455, 456, 457, 458, 459, 460, 461, 462, 463, 466, 468, 469, 474, 475, 477, 478, 479, 480, 481, 482, 483, 484, 485, 487, 488, 489, 490, 493], 8=[491], 9=[471, 472, 473]}

