0:0.0,0.09868421052631587,0.047263681592039766,0.026677445432498014,0.032229185317815566,0.02899301061351281,0.013139695712309801,0.08869701726844596,0.13351498637602185,0.06511627906976739,0.10132158590308377,0.14862385321100938:7.780376836969021:73.0
1:0.0,0.19407894736842105,0.12189054726368158,0.07760711398544867,0.20322291853178157,0.1258089567693503,0.07030889810972797,0.35792778649921514,0.5728882833787465,0.17142857142857146,0.1718061674008811,0.2532110091743119:3.2625584719414173:6.0
2:0.0,0.7763157894736842,0.2873134328358209,0.27728375101050934,0.5255147717099373,1.0,1.0,1.0,1.0,0.43654485049833885,0.1901615271659325,0.2110091743119266:0.0:1.0
3:0.0,0.3980263157894736,0.5335820895522386,0.5424413904607924,0.46016114592658924,0.07144706186901373,0.043222683264177046,0.1703296703296704,0.15463215258855587,0.12026578073089704,0.15271659324522766,0.15321100917431194:6.915122972941003:12.0
4:0.0,0.13486842105263078,0.0,0.020210185933710653,0.06893464637421684,0.012684442143411823,0.0026509912402028508,0.015306122448979642,0.010217983651226168,0.02259136212624574,0.03891336270190897,0.036697247706422055:41.20684295336797:286.0
5:0.0,0.32894736842105293,0.16791044776119407,0.09539207760711399,0.09579230080572958,0.019673828630597977,0.006915629322268329,0.020408163265306135,0.0313351498637602,0.029900332225913602,0.026431718061674,0.04036697247706426:3.841240710003491:34.0
6:0.0,0.16776315789473695,0.11318407960199003,0.053354890864995966,0.050134288272157594,0.019673828630597974,0.009220839096357777,0.0384615384615385,0.10490463215258848,0.2166112956810633,0.4096916299559474,0.5963302752293584:18.52284185760028:49.0
7:0.0,0.18750000000000003,0.11815920398009955,0.06224737267582859,0.03670546105640105,0.02329795495728708,0.008298755186722002,0.034929356357927814,0.09604904632152597,0.11561461794019932,0.12481644640234958,0.14587155963302753:7.541116413292517:52.0
8:0.0,0.28618421052631576,0.6753731343283582,0.9361358124494746,0.3178155774395703,0.7261195961687807,0.22948363301060395,0.6452119309262166,0.6437329700272479,0.2086378737541528,0.4221732745961821,0.7532110091743119:0.0:1.0
9:0.0,0.2236842105263158,0.15174129353233828,0.10751818916734034,0.03939122649955237,0.144706186901372,0.0962425080682342,0.38932496075353223,0.6232970027247956,0.8093023255813953,0.6600587371512481,0.7972477064220186:0.9619636154743489:3.0
the cluster quality::90.03206383159004
The number of iterations::15
