0	0.0,7.203947368421059,3.450248756218903,1.947453516572355,2.3527305282005364,2.116489774786435,0.9591977869986155,6.474882260596555,9.746594005449596,4.753488372093019,7.396475770925115,10.849541284403685;7.780376836969021;73
1	0.0,1.1644736842105263,0.7313432835820894,0.46564268391269203,1.2193375111906894,0.7548537406161018,0.4218533886583678,2.1475667189952907,3.437329700272479,1.0285714285714287,1.0308370044052866,1.5192660550458712;3.2625584719414173;6
2	0.0,0.7763157894736842,0.2873134328358209,0.27728375101050934,0.5255147717099373,1.0,1.0,1.0,1.0,0.43654485049833885,0.1901615271659325,0.2110091743119266;0.0;1
3	0.0,4.776315789473683,6.402985074626863,6.50929668552951,5.521933751119071,0.8573647424281647,0.5186721991701245,2.0439560439560447,1.8555858310626705,1.4431893687707644,1.832599118942732,1.8385321100917433;6.915122972941003;12
4	0.0,38.5723684210524,0.0,5.780113177041247,19.715308863026017,3.6277504530157816,0.7581834946980154,4.377551020408178,2.922343324250684,6.461129568106282,11.129221732745965,10.495412844036707;41.20684295336797;286
5	0.0,11.1842105263158,5.708955223880598,3.2433306386418757,3.2569382273948055,0.6689101734403312,0.23513139695712318,0.6938775510204086,1.0653950953678468,1.0166112956810625,0.898678414096916,1.3724770642201847;3.841240710003491;34
6	0.0,8.22039473684211,5.5460199004975115,2.6143896523848023,2.456580125335722,0.9640176028993007,0.45182111572153105,1.8846153846153864,5.140326975476835,10.613953488372102,20.07488986784142,29.22018348623856;18.52284185760028;49
7	0.0,9.750000000000002,6.144278606965177,3.2368633791430867,1.9086839749328546,1.2114936577789281,0.4315352697095441,1.8163265306122465,4.99455040871935,6.011960132890365,6.490455212922178,7.585321100917432;7.541116413292517;52
8	0.0,0.28618421052631576,0.6753731343283582,0.9361358124494746,0.3178155774395703,0.7261195961687807,0.22948363301060395,0.6452119309262166,0.6437329700272479,0.2086378737541528,0.4221732745961821,0.7532110091743119;0.0;1
9	0.0,0.6710526315789473,0.45522388059701485,0.322554567502021,0.11817367949865712,0.434118560704116,0.2887275242047026,1.1679748822605966,1.869891008174387,2.4279069767441857,1.9801762114537442,2.3917431192660557;0.9619636154743489;3
