Jaccard Coefficient: 0.3306183219478017
Rand Index: 0.692219925367124
Cluster Id: 0 	 Cluster size: 167
Cluster Id: 1 	 Cluster size: 2
Cluster Id: 2 	 Cluster size: 164
Cluster Id: 3 	 Cluster size: 45
Cluster Id: 4 	 Cluster size: 8
-0.4145097039558838


{0=[4, 5, 6, 7, 8, 9, 10, 12, 17, 20, 22, 24, 29, 30, 33, 34, 37, 40, 41, 42, 43, 44, 45, 48, 50, 52, 55, 56, 59, 66, 67, 96, 112, 146, 181, 188, 190, 203, 207, 210, 211, 212, 216, 217, 218, 220, 221, 222, 226, 227, 237, 239, 243, 248, 249, 250, 251, 254, 255, 256, 257, 258, 259, 260, 263, 268, 270, 278, 279, 280, 281, 282, 283, 284, 285, 286, 287, 288, 289, 290, 291, 292, 293, 294, 295, 296, 297, 298, 299, 300, 301, 302, 303, 305, 306, 307, 308, 309, 310, 311, 312, 313, 314, 315, 316, 317, 318, 321, 323, 324, 325, 326, 327, 328, 329, 330, 331, 332, 333, 334, 335, 336, 337, 338, 340, 341, 342, 343, 344, 345, 346, 347, 348, 349, 350, 351, 352, 353, 354, 355, 357, 358, 359, 360, 361, 362, 363, 364, 365, 366, 367, 368, 369, 370, 371, 372, 373, 374, 376, 377, 378, 379, 380, 382, 383, 385, 386], 1=[375, 381], 2=[2, 19, 25, 26, 28, 32, 38, 53, 68, 69, 70, 71, 72, 73, 74, 75, 76, 77, 78, 79, 80, 81, 83, 84, 85, 86, 87, 88, 89, 91, 92, 93, 94, 95, 97, 98, 99, 100, 101, 102, 103, 104, 105, 106, 107, 108, 109, 110, 111, 113, 114, 115, 116, 117, 118, 119, 120, 121, 122, 123, 124, 125, 128, 131, 135, 136, 137, 138, 139, 140, 141, 142, 143, 144, 145, 147, 148, 149, 150, 151, 152, 153, 154, 155, 156, 157, 158, 159, 160, 161, 162, 163, 164, 165, 166, 167, 168, 169, 170, 171, 172, 174, 175, 176, 177, 179, 180, 182, 183, 185, 186, 192, 193, 194, 195, 196, 197, 198, 200, 201, 202, 204, 205, 206, 208, 209, 213, 214, 215, 219, 223, 224, 225, 228, 230, 231, 232, 233, 234, 235, 236, 240, 241, 242, 244, 245, 246, 247, 252, 253, 261, 262, 264, 265, 266, 267, 269, 271, 272, 273, 274, 275, 276, 277], 3=[1, 3, 11, 13, 14, 15, 16, 18, 21, 23, 27, 31, 35, 36, 39, 46, 47, 49, 51, 54, 57, 58, 60, 61, 62, 63, 64, 65, 82, 90, 126, 127, 129, 130, 132, 133, 134, 173, 178, 184, 187, 189, 191, 199, 238], 4=[229, 304, 319, 320, 322, 339, 356, 384]}

